3.31883238012
4.48708774127
5.7252858581
6.31686949784
6.94866656574
7.56754538791
8.22891227242
9.43588473818
10.6286893848
11.2886082694
11.9346783567
12.5006885055
13.1829928011
13.8027846415
14.4091617424
15.0536213254
15.6777486125
16.3079954738
16.9290095185
17.2490829192
17.5400026001
18.151414772
18.7861501763
19.4365732437
20.0491306441
20.6819510622
21.2711942107
21.8961075061
22.2407434491
22.5242362506
23.1792778646
23.7594836294
24.4397690214
25.0521395417
25.6667992361
26.3193151893
26.9607953821
27.5442597881
28.1733498746
28.7948415967
29.4515818094
30.0700821674
30.700280705
31.2809359228
31.9699969808
32.2837977111
32.5655046746
33.1828007893
33.8079608347
34.4169388616
35.053372437
35.7024903374
36.2988789761
36.636144061
36.8567882798
37.2084948756
37.5339292114
38.1524518067
38.8218079215
39.4418443738
40.070520074
40.6960855252
41.3145572311
41.6674355691
41.8604493333
42.2027456404
42.5198798494
43.1329209142
43.7804176192
44.4307696979
45.0493615715
45.6331099325
46.2402828774
46.9079934211
47.5120043722
48.1589712273
48.8347997219
49.3955896302
50.0526822209
50.666763314
51.2185171216
51.8520410127
52.2342586677
52.5244496446
53.145164339
53.7492894708
54.4113983163
55.0173982359
55.6114429622
56.2545828383
56.8953356101
57.5321014643
58.1519587341
58.761360983
59.407218104
60.0135370454
60.6692248283
61.2804047899
61.9213795085
62.2997004787
62.5802605031
63.1858960707
63.7878774272
64.4555606017
65.0650582151
65.6864729614
66.2831998659
66.9080652652
67.5340575043
68.1842291175
68.7870174367
69.4490343389
70.0310409092
70.6712749498
71.2953979605
71.951292295
72.5338590779
73.1888604934
73.8300939361
74.4628001735
75.0307154727
75.6696558926
76.2699861187
76.9211973325
77.5230559554
78.1820331697
78.7875951827
79.4627826401
80.0315681933
80.6400215019
81.2658242951
81.9348053668
82.5336850271
83.1807493848
83.8050926318
84.4164449337
84.9895146164
85.6815683216
86.3012635146
86.960196254
87.56705146
88.187372295
88.7672906836
89.4320389429
90.0200346562
90.6838621997
91.249073511
91.9499567653
92.5491374864
93.2161629457
93.7877140675
94.4347206934
95.0532526969
95.6930261658
96.3024656196
96.9914980256
97.5827870191
98.205856317
98.8038293738
99.1807729052
99.3622839226
99.7221431082
100.049608322
100.662113122
101.296665067
101.928448451
102.542693759
103.200955098
103.817074339
104.36262732
104.734261234
105.043908693
105.67087382
106.278314042
106.921290986
107.571731587
108.19713154
108.813118639
109.119747366
109.313036959
109.747626366
110.062169913
110.649350966
111.283967913
111.947144156
112.576070883
113.231931433
113.852720965
114.164494667
114.358113546
115.009771219
115.670225941
116.298125896
116.879618012
117.531155945
118.188791643
118.804059446
119.392924985
120.041179902
120.682365448
121.325539536
121.894519667
122.527500879
123.124519864
123.810450573
124.442070597
125.042148941
125.656046575
126.296899416
126.928612238
127.483272309
128.155546661
128.707442018
129.355001587
130.044117811
130.694059352
131.303405152
131.925170565
132.505841606
133.132689132
133.773822933
134.416875143
135.033667066
135.682432588
136.249475496
136.91447863
137.521683221
138.210555688
138.815311166
139.436135337
140.11772333
140.702919691
141.311938344
141.678021877
141.847882183
142.275208925
142.575102699
143.193251961
143.835723004
144.454102766
145.072712601
145.696751366
146.310885487
146.657893566
146.829502506
147.234815459
147.539179815
148.174583625
148.796658653
149.43036643
150.061903491
150.669106799
151.292333042
151.93153133
152.551519031
153.212333401
153.821319125
154.468124331
155.091698248
155.684666597
156.297472885
156.969385879
157.269982698
157.587767779
158.181874086
158.802028568
159.418375743
160.041851302
160.678976804
161.312947154
161.928710596
162.536063151
163.161371161
163.771932323
164.435135507
165.040402446
165.667719524
166.276185235
166.893908565
167.308865728
167.57684791
168.160228498
168.757154685
169.429774572
170.048950606
170.693911387
171.278667276
171.910784648
172.516150801
173.18372963
173.821325112
174.458306499
175.047888768
175.698573981
176.271570109
176.973461746
177.581933443
178.374698405
179.091290277
179.678502547
180.231748402
180.894257949
181.498611015
181.864159993
182.054521942
182.464318307
182.787721765
183.36942257
183.992840825
184.643679562
185.236087698
185.854755264
186.506438596
186.842602072
187.027842138
187.425651236
187.762237652
188.384295146
188.995792846
189.604408659
190.230107963
190.851542808
191.416467171
192.061337719
192.728419627
193.373055399
193.990205688
194.595691153
195.220912351
195.862292048
196.498027282
197.134835045
197.438983013
197.748530404
198.3842635
199.019985477
199.606297559
200.195603144
200.848381242
201.511602815
202.128006011
202.437672714
202.760790935
203.40328507
204.045979769
204.639046475
205.256116794
205.885578075
206.485401116
207.102012147
207.43578467
207.768846877
