4.18323356418
5.04466519386
5.51248760904
6.00707749493
6.33999943551
7.75315451005
8.00594424046
8.84288731003
9.21850728576
9.54427347269
9.82903380862
10.1433378749
11.4893495461
11.739033304
12.6427173646
13.0863454382
13.5848529634
13.8939316575
15.3249425461
15.5034955555
16.3985001698
16.7645559054
17.0686474244
17.4099926531
19.3324455461
20.1762591313
20.9121231715
21.1749312991
22.0258305045
22.9301923796
23.8712635745
24.8842750464
27.6658319071
28.3561681972
28.6349261332
30.011917133
30.5420193654
31.4921275164
32.4588149665
32.8090748453
33.151020485
33.5759284775
33.844005597
34.1243222924
34.6952400746
35.0472177961
35.3073625619
35.5302762832
35.7801747179
36.0070928901
36.2982593211
36.6404812183
36.9169773495
37.3394807043
37.6004824671
37.8675499209
38.3953616963
38.8665492358
39.126959568
39.3292442091
39.5588719286
39.7929993098
40.0685738698
40.4000520869
40.7023723079
41.0378524101
41.373307709
41.6607207156
42.0054460361
42.2152657503
42.6810786701
42.9120898153
43.1366337125
43.4083068836
43.6236230958
43.8853633984
44.2147491573
44.4878831576
44.8040739857
45.1810483074
45.4516143103
45.8566852178
46.0602010436
46.4144542546
46.7515050902
46.9483261618
47.1605244274
47.3805926108
47.6174513492
48.0130512428
48.4939565463
48.9779849281
49.5449803669
49.9762337292
50.4297694404
50.876131437
51.3646346772
51.844764236
52.2513712379
52.8096055505
53.2844900654
53.6769155636
54.1427199305
54.6224705974
55.1493030699
55.5684194906
55.8843789637
56.2556917171
56.5947511929
56.8458046919
57.1112334171
57.4678814299
57.777785903
58.1993924901
58.5066117915
58.7640564181
59.0134207265
59.4984844325
59.7545674432
60.366922996
60.8533850953
61.5910961265
62.2739165873
62.7822782948
63.2821538506
64.0371703192
64.5839818542
65.3698720235
66.0383690031
66.4746565811
67.2724399354
67.9519641224
68.4216369497
69.1885714066
69.885563963
70.3884176261
71.0205144719
71.7130060837
72.1791555586
72.9331003533
73.6582014696
74.1061051198
74.7963528877
75.429406799
75.9177817463
76.7068694038
77.3880438659
77.8817040555
78.308345286
78.771913079
79.2467877581
79.6955518265
80.1328781499
80.5511247444
80.9767554539
81.4350422811
81.8755134926
82.3639594286
82.8260920511
83.2578068404
83.7027969576
84.1700488967
84.6094732377
85.0633904066
85.5031068278
85.9376658721
86.3901842201
86.8799276257
87.3229103857
87.8014555264
88.2263600978
88.7118339136
89.2037775434
89.5957095413
90.0748807517
90.4932034666
90.9630306731
91.4020444766
91.8412840757
92.3039273041
92.7854120642
93.2422521744
93.6548299306
94.1843129356
94.6670447033
95.0094586123
95.484463295
95.8275349192
96.1112787472
96.4718978549
96.7671700882
97.0114274815
97.3591698248
97.661321982
97.9222933821
98.2895242812
98.6114053296
98.9053005519
99.2564597643
99.5573490911
99.8979754516
101.458084552
101.774203964
102.644212833
103.099143089
103.573521702
103.951078901
104.349979345
105.285105016
105.565508096
106.446616017
106.980345091
107.460156483
108.473817118
109.128555532
109.428352659
110.224459651
111.003198771
111.222856845
112.15370694
112.550740293
113.091102113
113.937588469
114.867511005
115.781759991
116.734904409
117.743482076
118.492913952
118.825927836
119.986576708
120.545751835
121.556986877
122.512044998
122.892726987
123.206909175
123.731280988
123.987049681
124.195603999
124.627855908
125.088915574
125.373168297
125.583352791
125.852346778
126.059886726
126.321133101
126.675403417
127.010618808
127.372360907
127.655374748
127.917525588
128.364101834
128.800625043
129.175136568
129.374397771
129.609050299
129.822770974
130.087129736
130.442500378
130.726739845
131.181680364
131.455720968
131.688114684
131.97439187
132.232057588
132.641490456
132.922588456
133.146764152
133.403754194
133.612317493
133.838949144
134.138206157
134.417734706
134.886413262
135.218053984
135.482354586
135.794419513
136.014368384
136.437036381
136.693789937
136.890043098
137.175119462
137.381495366
137.649108492
138.05259712
138.530578627
138.992186959
139.478257765
139.938297501
140.40621186
140.924195967
141.411462035
142.212514722
142.871710034
143.257972338
144.037954189
144.760900411
145.210632236
145.513056802
145.939571878
146.329041079
146.709035844
146.932333161
147.155629196
147.462177097
147.863446257
148.252560941
148.547091214
148.782932161
149.012464089
149.748588136
150.414405076
150.90060503
151.59404943
152.277726461
152.771078747
153.560904944
154.070125787
154.583944222
155.068365608
155.33607923
156.027692891
156.513798763
156.905210319
157.234118828
157.718287905
157.973634086
158.444560763
158.790895733
159.095949022
159.423826911
159.845065724
160.309205704
160.673288722
161.045241229
161.477978513
161.78493738
