3.47520909614
4.00683715946
4.76214998473
5.48962366543
6.26948235501
7.01343783223
7.71136863785
8.42180843466
9.17665726707
9.89446621148
10.6015678255
11.4084860661
12.1591358699
12.8795217923
13.6468958663
14.4159146561
15.2348915796
15.9343392357
16.6328379515
17.4241155697
18.2069019046
18.9529485571
19.6942154415
20.4237482242
21.1851511163
21.9437627812
22.6599278651
23.3819003437
24.1651989952
27.0740412881
27.7136415614
28.1000317311
28.7059769124
29.3243759189
29.9314436636
30.5077488948
31.1221216405
31.7247889367
32.3304698345
32.9146270224
33.2287886835
33.5367922826
33.8361553508
34.1418992832
34.7306656095
35.35188364
35.9495590571
36.5366062578
37.3691920708
37.7429338376
38.2780732792
38.9276560278
39.4830084528
40.0821682194
40.6967676161
41.290067388
41.8649032372
42.4912478543
43.0711615388
43.6902618801
44.2781656502
44.8746231394
45.4634792709
46.0808741711
46.6806142496
47.286770259
47.8863953014
48.4903604947
49.0871100642
49.6643924601
50.2685851596
50.8595538484
51.4536922286
52.0711281826
52.6369151017
53.2399364864
53.8490594843
54.4949435468
55.0447083858
55.6452028269
56.227256438
56.8462609872
57.4393251277
58.0487363571
58.6436825553
59.2526965042
59.8554749876
60.4553600371
61.0727044755
61.6721990867
62.2719896271
62.8595179264
63.4613397719
64.0597580053
64.6462505527
65.2693292587
65.8764637158
66.477585937
67.0792281724
67.6867812921
68.2698693721
68.8361912728
69.4568106028
70.0756881421
70.6570305825
71.2472171119
71.590522657
71.9072796846
72.2231536291
72.5131269356
73.0660007407
73.6601848787
74.2546063587
74.8583624345
75.7780822597
76.0810965456
76.6643719333
77.267709774
77.8704779939
78.4757577624
79.0575941307
79.6932712053
80.0033599926
80.3229257808
80.6160585153
80.932511061
81.2421713498
81.5663492699
81.8571526318
82.1421545862
82.4411853756
82.7373359881
83.0509481277
83.3255463783
83.6277703796
83.9260117397
84.5003100413
85.0555196335
85.6093440894
86.2793502218
86.8581015721
87.4712380014
88.0509575359
88.6579696869
89.2844772361
89.9204810302
90.4826214357
90.780082347
91.0999842627
91.3691146674
91.7000382313
91.9897506755
92.2957204035
92.5510618808
92.9009745133
93.4873178133
94.0805709721
94.9620124547
95.3016176032
95.9056965495
96.4984955512
97.0677574989
97.6608750948
98.0155961474
98.3174173088
98.6203661652
98.9314077415
99.2624621643
99.5738176307
99.8762828227
100.161521264
100.430110272
100.74059805
101.044295282
101.329070586
101.633761661
101.906994874
102.202500173
102.507349904
102.784003407
103.106167556
103.682239294
104.256443514
104.83701021
105.416672867
106.084720822
106.652799053
107.258719003
107.801580826
108.450724812
109.066695661
109.761207887
110.31070887
110.864575662
111.402093656
112.066903068
112.64840117
113.278422236
113.860933425
114.477473039
115.046219249
115.629489078
116.216221533
116.833319649
117.415481026
118.053160754
118.633274575
119.258964898
119.867068395
120.467059072
121.057343104
121.674968932
122.262602859
122.888241865
123.47654206
124.102370512
124.642500122
125.277533166
125.843790065
126.464146394
127.056388177
127.683963123
128.262420255
128.844449918
129.451291012
130.043391672
130.644572053
131.223637721
131.846047593
132.478176512
133.037916557
133.652350883
134.25793385
134.857596525
135.422369503
136.044629699
136.579687889
137.239525094
137.82962695
138.444760473
139.018135493
139.620732655
140.240074188
140.842804347
141.43665193
142.025937843
142.665075406
143.267574211
143.851889627
144.419308433
144.986146499
145.607190051
146.234474628
146.854049653
147.44991785
148.025783891
148.59191378
149.234599927
149.840217106
150.426299971
151.013408752
151.652885009
152.224507975
152.845808541
153.418888059
154.015780462
154.623614543
155.220501386
155.801299864
156.394056529
156.986434302
157.644599422
158.181390422
158.75031838
159.371510752
159.997033867
160.603272839
161.252147838
161.835869258
162.460996802
163.042372171
163.630972144
164.209272331
164.793722882
165.391918741
166.006682353
166.620568868
167.200963224
167.780000667
168.442780485
168.994907625
169.663281871
170.240792628
170.882193707
171.453529724
172.038162451
172.610187829
173.24656239
173.8494867
174.478268456
175.058304874
175.640991397
176.253978151
176.851991406
177.394174559
177.94566451
178.571253482
179.181719707
179.812226148
180.488559689
181.060798461
181.648331892
182.267384337
182.897036347
183.474429503
184.055394762
184.645132693
185.209140189
185.841675797
186.416977349
187.045481565
187.684158984
188.255450099
188.871619801
189.443711464
190.062276396
190.614495479
191.227453581
191.809435776
192.459559921
193.041797419
193.637453077
194.206953649
194.84573242
195.434677074
196.078014949
196.655825056
197.266031702
197.858521945
198.484995711
199.055958395
199.660789994
200.253970881
200.829666721
201.418079814
202.089971425
202.720000188
203.258525281
203.846167333
204.456960278
205.062806246
205.687519832
206.307216308
206.9188825
207.532287917
208.352049993
208.679072168
209.256485851
209.843988491
210.380784623
211.079034022
211.675948662
212.235764399
212.817477606
213.445752177
214.05229221
214.68327975
215.275032736
215.885849629
216.514197754
217.125677494
217.802623848
218.340019535
218.868945321
219.615321258
220.136349757
220.687697732
221.278226375
221.872163336
222.526808952
223.100321246
223.675544967
224.268647168
224.835282103
225.532590261
226.093192861
226.731666722
227.25232702
227.901020271
228.453311199
229.058183423
229.639625504
230.247751238
230.96193163
231.485172327
232.072139559
232.680115618
233.301056108
233.90424855
234.522515414
235.090247682
235.654167939
236.20612616
236.823644649
237.513297993
238.090171134
238.622604877
239.233792109
239.857924528
240.470962172
241.018391223
241.649096946
242.244654674
242.841461548
243.431664755
244.011218792
244.630845134
245.187607071
245.81671854
246.414050987
247.115027468
247.738359766
248.387562767
249.085521797
249.765155889
250.441871743
251.119411666
251.770825155
252.459193858
253.128125751
253.702838011
254.602098958
255.403403527
256.187016924
256.990756065
257.828809296
258.585341332
259.37713255
260.119213239
260.881895212
261.66401143
262.440629867
