3.4835617528
3.88709914693
4.55996524101
5.32799475536
6.11653797402
6.81171388153
7.53114453205
8.23604637041
8.98891629618
9.73436230429
10.4680309683
11.2270919112
11.9858582066
12.7359591308
13.4758940775
14.2429951745
15.0339156718
15.7353446049
16.4715936791
17.175667169
17.9834377357
18.7314273765
19.4754347867
20.1740870206
20.9680502124
21.7146128016
22.4283959719
23.1766913788
23.9490418186
26.9767031819
27.5078481415
27.6601359569
27.8119644815
28.0303264471
28.5145968077
29.144435825
29.4983129404
29.792297942
30.0604882509
30.3478515969
30.9273157406
31.4784274466
32.135386001
32.7833965108
33.0840651765
33.2500739826
33.4010322496
33.6719227091
33.9632524628
34.2405687166
34.5394245951
34.8385054148
35.1714890771
35.7848526421
36.3565058493
37.1946041461
37.3677015961
37.5440299044
38.0987496515
38.7360758779
39.055782445
39.347480401
39.6495295049
39.9588537061
40.2517824245
40.5382635388
40.8675857043
41.1831137519
41.4857337619
41.7831437725
42.0766570817
42.3806134825
42.6901754542
42.9828745272
43.292943686
43.5629634603
43.8630744769
44.1576543328
44.4500916871
44.7687351286
45.067067142
45.3703059544
45.9206910915
46.4968670725
47.1105552201
47.7073941536
48.2874086764
48.9127843626
49.5102660465
50.0992743719
50.7013173177
51.3088516534
51.8973566406
52.4946163768
53.1039643549
53.7054470858
54.3064649665
54.9191691028
55.5328713627
56.1101780372
56.7337306726
57.3230075591
57.9235250951
58.5003724788
59.1070476756
59.6955907232
60.2857250379
60.8638275598
61.4788187418
62.107783225
62.6919484705
63.3046855355
63.889904926
64.4851072619
65.1565702527
66.0040523643
66.1881672332
66.3752704855
66.9270069809
67.528253224
67.8446754773
68.1845835678
68.6884084249
69.3364950556
69.9532284634
70.5865934139
71.1669055777
71.4474680849
71.6066824667
71.7510909225
72.0220908592
72.3747111258
72.6526649983
72.956094968
73.222780394
73.5347453032
74.1837393965
74.7578665303
75.6530751099
75.8238855143
76.0064424723
76.5547578075
77.159258857
77.598535829
77.7674607465
78.0234593233
78.3270423899
78.6544568309
78.9557673919
79.2234214339
79.5530515039
79.8683486231
80.1653301334
80.4743917605
80.791217283
81.0861191556
81.3716962283
81.6581888891
81.9530655306
82.2330785139
82.5382164979
82.8518659008
83.1239332395
83.4191614052
83.6823645178
84.3386777558
85.1983084073
85.3553161409
85.514557892
86.1325819325
86.7397831327
87.2160898876
87.3938982752
87.7738129857
87.9453478208
88.4930772823
89.1550427046
89.779919329
90.3618009501
90.6483932521
90.8222104287
90.9766095276
91.2478955588
91.575221905
91.8608665457
92.1474071027
92.420082125
92.7296483732
93.0401314923
93.3393534349
93.6428146227
93.9860181458
94.8793164351
95.046501265
95.2092642453
95.779003741
96.3233415498
96.628916587
96.9197382983
97.2136839566
97.5207514749
97.6820489157
97.8415361351
98.0179042144
98.54098721
98.7806510297
98.9415426354
99.0984477341
99.2785884977
99.4754364973
99.6486027982
99.9542663578
100.129502888
100.303032687
100.566338435
100.73838901
100.902686808
101.177045041
101.354798263
101.496495449
101.756034499
101.923837704
102.101413025
102.34103579
102.637169281
102.910754759
103.540233699
104.133062178
104.691969853
105.304079135
105.94992405
106.548963645
107.096732878
107.687622413
108.288500454
