3.31036415209
9.33609709628
10.0065542618
10.6695570622
11.31590549
12.7189261283
14.0590412792
14.6952247756
15.4227375776
16.1179894301
16.7966541921
17.7545433883
19.4201820884
20.0853075572
20.7380067594
21.3973931466
22.159405259
22.8038263006
23.4658186386
24.1768920426
24.7983177832
25.5187081179
26.1007204929
26.8618776303
27.5349099774
28.1778077356
28.8082845606
29.3686017383
30.2297708552
31.5098917004
32.1878434362
32.8964495561
34.2421101474
34.9593993513
35.8687765077
36.0534170695
36.3312724769
36.6458114017
36.928035223
37.244640611
37.6222819465
37.9501443693
